Chr28_11607954.bam	2738	2738	0	0	59.9956	0
Chr28_11625241.bam	14273	14273	0	0	60	0
Chr28_11632591.bam	7766	7766	0	0	60	0
Chr28_11658853.bam	8421	8421	0	0	60	0
Chr28_11667578.bam	16648	16648	0	0	0	16648
Chr28_11671116.bam	641	641	0	0	60	0
Chr28_11676622.bam	3116	3116	0	0	60	0
Chr28_11683204.bam	6716	6716	0	0	60	0
Chr28_11702210.bam	7323	7323	0	6	59.9997	0
Chr28_11773194.bam	9357	9357	0	0	60	0
M09AAC.055.bam	5781	5781	0	0	59.9997	0
M09AAD.076.bam	7989	7989	0	0	59.9974	0
M09AAE.082.bam	19345	19345	0	0	59.9995	0
M09AAJ.163.bam	1724	1724	0	0	60	0
Ocl_gshpx-357.bam	5372	5372	0	0	60	0
OMGH1PROM1-SNP1.bam	1162	1162	0	0	60	0
OMS00002.bam	2087	2087	0	0	60	0
OMS00003.bam	845	845	0	0	60	0
OMS00006.bam	14082	14082	0	0	60	0
OMS00008.bam	864	864	0	0	60	0
OMS00013.bam	11060	11060	0	0	59.9992	0
OMS00014.bam	7935	7935	0	0	60	0
OMS00015.bam	8786	8786	0	0	60	0
OMS00017.bam	720	720	0	0	60	0
OMS00018.bam	1652	1652	0	0	60	0
OMS00024.bam	6950	6950	0	0	60	0
OMS00030.bam	16183	16183	0	0	60	0
OMS00039.bam	10829	10829	0	1	59.992	1
OMS00041.bam	5810	5810	0	0	60	0
OMS00048.bam	3737	3737	0	0	59.9845	0
OMS00052.bam	2165	2165	0	0	60	0
OMS00053.bam	10011	10011	0	0	47.1375	0
OMS00056.bam	809	809	0	0	60	0
OMS00057.bam	15953	15953	0	0	60	0
OMS00058.bam	22424	22424	0	0	59.9967	0
OMS00061.bam	5419	5419	0	5	60	0
OMS00062.bam	5520	5520	0	0	59.9953	0
OMS00064.bam	1617	1617	0	0	60	0
OMS00068.bam	1389	1389	0	0	60	0
OMS00070.bam	4177	4177	0	0	60	0
OMS00071.bam	5379	5379	0	0	60	0
OMS00072.bam	8993	8993	0	0	60	0
OMS00074.bam	535	535	0	0	60	0
OMS00077.bam	1176	1176	0	0	60	0
OMS00078.bam	5765	5765	0	0	60	0
OMS00079.bam	3156	3156	0	0	59.7345	14
OMS00087.bam	125	125	0	0	60	0
OMS00089.bam	1741	1741	0	0	60	0
OMS00090.bam	3754	3754	0	0	60	0
OMS00092.bam	6845	6845	0	0	60	0
OMS00095.bam	1748	1748	0	0	60	0
OMS00096.bam	3638	3638	0	0	44.7611	3535
OMS00101.bam	4621	4621	0	0	60	0
OMS00103.bam	10530	10530	0	0	60	0
OMS00105.bam	9063	9063	0	0	60	0
OMS00106.bam	5213	5213	0	0	60	0
OMS00111.bam	4409	4409	0	0	60	0
OMS00112.bam	6800	6800	0	0	59.9662	0
OMS00114.bam	7994	7994	0	0	54.8825	146
OMS00116.bam	3290	3290	0	0	60	0
OMS00118.bam	2707	2707	0	0	60	0
OMS00119.bam	6053	6053	0	0	60	0
OMS00120.bam	1790	1790	0	0	60	0
OMS00121.bam	5194	5194	0	2	59.9896	0
OMS00127.bam	1627	1627	0	0	60	0
OMS00128.bam	6254	6254	0	0	60	0
OMS00129.bam	1047	1047	0	0	60	0
OMS00132.bam	4273	4273	0	0	60	0
OMS00133.bam	2600	2600	0	0	60	0
OMS00134.bam	4924	4924	0	0	60	0
OMS00138.bam	9410	9410	0	0	59.7816	51
OMS00143.bam	13034	13034	0	0	60	0
OMS00149.bam	2165	2165	0	0	0	2165
OMS00151.bam	1643	1643	0	0	60	0
OMS00153.bam	2741	2741	0	0	60	0
OMS00154.bam	13926	13926	0	0	59.982	0
OMS00156.bam	6425	6425	0	0	60	0
OMS00164.bam	822	822	0	0	60	0
OMS00169.bam	663	663	0	0	60	0
OMS00173.bam	1355	1355	0	0	60	0
OMS00174.bam	46	46	0	0	60	0
OMS00175.bam	5086	5086	0	0	60	0
OMS00176.bam	7879	7879	0	0	46.9124	27
OMS00179.bam	15449	15449	0	0	60	0
OMS00180.bam	1595	1595	0	0	57.447	2
Omy_1004.bam	2080	2080	0	0	60	0
OMY1011SNP.bam	5094	5094	0	0	60	0
Omy_101554-306.bam	831	831	0	0	59.9723	0
Omy_101832-195.bam	10858	10858	0	0	59.978	0
Omy_101993-189.bam	1844	1844	0	0	60	0
Omy_102505-102.bam	4449	4449	0	0	60	0
Omy_102867-443.bam	3505	3505	0	0	60	0
Omy_103705-558.bam	7784	7784	0	0	46.7401	5
Omy_104519-624.bam	5499	5499	0	0	60	0
Omy_104569-114.bam	127	127	0	0	60	0
Omy_105075-162.bam	11659	11659	0	0	60	0
Omy_105105-448.bam	11490	11490	0	0	60	0
Omy_105385-406.bam	11185	11185	0	0	60	0
Omy_105714-265.bam	8936	8936	0	0	60	0
Omy_107031-704.bam	6444	6444	0	0	59.9995	0
Omy_107285-69.bam	3801	3801	0	0	60	0
Omy_107336-170.bam	4322	4322	0	0	59.8906	5
Omy_107806-34.bam	1201	1201	0	0	60	0
Omy_108007-193.bam	6437	6437	0	0	60	0
Omy_109243-222.bam	2047	2047	0	0	60	0
Omy_109525-403.bam	3329	3329	0	0	60	0
Omy_109894-185.bam	3994	3994	0	0	60	0
Omy_110064-419.bam	4113	4113	0	1	60	0
Omy_110201-359.bam	5459	5459	0	1	60	0
Omy_110362-585.bam	4418	4418	0	0	59.9946	0
Omy_110689-148.bam	3885	3885	0	0	0	3885
Omy_111084-526.bam	1956	1956	0	0	60	0
Omy_111383-51.bam	4112	4112	0	0	60	0
Omy_111666-301.bam	5901	5901	0	0	60	0
Omy_112301-202.bam	9952	9952	0	0	52.21	2491
Omy_112820-82.bam	1365	1365	0	0	60	0
Omy_113490-159.bam	5408	5408	0	0	59.9963	0
Omy_114315-438.bam	4061	4061	0	0	60	0
Omy_114587-480.bam	916	916	0	0	60	0
Omy_114976-223.bam	7468	7468	0	0	60	0
Omy_116733-349.bam	10695	10695	0	0	60	0
Omy_116938-264.bam	12863	12863	0	0	41.8705	12718
Omy_117286-374.bam	6708	6708	0	0	60	0
Omy_117370-400.bam	4199	4199	0	0	60	0
Omy_117540-259.bam	1807	1807	0	0	60	0
Omy_117815-81.bam	2168	2168	0	0	60	0
Omy_118175-396.bam	7409	7409	0	0	60	0
Omy_118205-116.bam	429	429	0	0	57.6737	2
Omy_118654-91.bam	4054	4054	0	0	60	0
Omy_120255-332.bam	7073	7073	0	0	60	0
Omy_128693-455.bam	10907	10907	0	0	23.5728	10893
Omy_128923-433.bam	4604	4604	0	0	60	0
Omy_128996-481.bam	2616	2616	0	0	60	0
Omy_129870-756.bam	4580	4580	0	0	60	0
Omy_130524-160.bam	17283	17282	0	2	59.068	0
Omy_131460-646.bam	1943	1943	0	0	60	0
Omy_187760-385.bam	4509	4509	0	0	60	0
Omy_96222-125.bam	17096	17096	0	0	60	0
Omy_97077-73.bam	2939	2939	0	0	60	0
Omy_97660-230.bam	4089	4089	0	0	60	0
Omy_97865-196.bam	2719	2719	0	0	59.737	0
Omy_97954-618.bam	1355	1355	0	0	60	0
Omy_98683-165.bam	1935	1935	0	0	59.9478	0
Omy_99300-202.bam	14411	14411	0	0	59.6628	17
Omy_ada10-71.bam	4078	4078	0	0	59.999	0
Omy_aldB-165.bam	15154	15154	0	0	60	0
Omy_anp-17.bam	5428	5428	0	0	0	5428
Omy_aromat-280.bam	5877	5877	0	0	60	0
Omy_arp-630.bam	9614	9614	0	11	60	0
Omy_aspAT-123.bam	4057	4057	0	0	59.9983	0
Omy_b1-266.bam	2062	2062	0	0	59.9549	0
Omy_b9-164.bam	10614	10614	0	0	60	0
Omy_BAC-B4-324.bam	6815	6815	0	0	60	0
Omy_BAC-F5.284.bam	9172	9172	0	0	60	0
Omy_BAMBI2.312.bam	13382	13382	0	0	0	13382
Omy_BAMBI4.238.bam	8408	8408	0	0	59.9992	0
Omy_bcAKala-380rd.bam	11011	11011	0	0	59.8849	1
Omy_ca050-64.bam	1742	1742	0	0	60	0
Omy_carban1-264.bam	1416	1416	0	0	30.8715	1416
Omy_cd28-130.bam	10991	10991	0	0	0	10991
Omy_cd59-206.bam	6658	6658	0	0	60	0
Omy_cd59b-112.bam	803	803	0	0	60	0
Omy_cin-172.bam	5925	5925	0	0	59.8199	3
Omy_colla1-525.bam	7981	7981	0	0	59.9999	0
Omy_cox1-221.bam	2877	2877	0	0	60	0
Omy_cox2-335.bam	0	0	0	0		0
Omy_crb-106.bam	2526	2526	0	0	3.72882	2525
Omy_CRBF1-1.bam	2197	2197	0	0	59.9991	0
Omy_cyp17-153.bam	1653	1653	0	0	60	0
Omy_e1-147.bam	4747	4747	0	0	60	0
Omy_ftzf1-217.bam	7607	7607	0	0	60	0
Omy_g1-103.bam	2915	2915	0	0	39.4868	13
Omy_g12-82.bam	1968	1968	0	0	60	0
Omy_G3PD_2.246.bam	15363	15363	0	0	60	0
Omy_G3PD_2-371.bam	9499	9499	0	0	60	0
Omy_gadd45-332.bam	4315	4315	0	0	60	0
Omy_gdh-271.bam	2666	2666	0	0	60	0
Omy_GH1P1_2.bam	0	0	0	0		0
Omy_gh-475.bam	3854	3854	0	0	60	0
Omy_GHSR-121.bam	11635	11635	0	0	59.4814	6
Omy_gluR-79.bam	1474	1474	0	0	60	0
Omy_GREB1_05.bam	9506	9506	0	1	59.9937	0
Omy_GREB1_09.bam	5274	5274	0	0	31.6439	180
Omy_gsdf-291.bam	1092	1092	0	0	60	0
Omy_hsc715-80.bam	2531	2531	0	0	60	0
Omy_hsf1b-241.bam	3739	3739	0	0	59.9743	0
Omy_hsf2-146.bam	10865	10865	0	0	60	0
Omy_hsp47-86.bam	10073	10073	0	0	45.0752	0
Omy_hsp70aPro-329.bam	950	950	0	0	58.9568	68
Omy_hsp90BA-193.bam	10261	10261	0	0	60	0
Omy_hus1-52.bam	2086	2086	0	0	60	0
Omy_IL17-185.bam	8174	8174	0	0	60	0
Omy_Il-1b_.028.bam	7772	7772	0	0	59.9997	0
Omy_IL1b-163.bam	2675	2675	0	0	60	0
Omy_Il1b-198.bam	17282	17282	0	0	60	0
Omy_IL6-320.bam	15368	15368	0	0	60	0
Omy_impa1-55.bam	576	576	0	0	60	0
Omy_inos-97.bam	8115	8115	0	0	26.7475	8115
Omy_LDHB-1_i2.bam	4041	4041	0	0	60	0
Omy_LDHB-2_e5.bam	6258	6258	0	0	60	0
Omy_LDHB-2_i6.bam	5077	5077	0	0	60	0
Omy_lpl-220.bam	3441	3441	0	0	60	0
Omy_mapK3-103.bam	11694	11694	0	53	59.7715	4
Omy_mcsf-268.bam	2312	2312	0	0	60	0
Omy_metA-161.bam	2951	2951	0	0	60	0
Omy_metB-138.bam	2069	2069	0	0	60	0
Omy_MYC_2.bam	2255	2255	0	0	60	0
Omy_myclarp404-111.bam	22794	22794	0	0	51.0427	11524
Omy_myoD-178.bam	2996	2996	0	0	60	0
Omy_nach-200.bam	7233	7233	0	0	60	0
Omy_NaKATPa3-50.bam	4445	4445	0	0	60	0
Omy_ndk-152.bam	406	406	0	0	60	0
Omy_nips-299.bam	1004	1004	0	0	0	1004
Omy_nkef-241.bam	10428	10428	0	0	60	0
Omy_ntl-27.bam	6253	6253	0	0	59.9989	0
Omy_nxt2-273.bam	1769	1769	0	0	60	0
Omy_Ogo4-212.bam	716	716	0	0	60	0
Omy_Omyclmk438-96.bam	3251	3251	0	0	60	0
Omy_OmyP9-180.bam	8322	8322	0	0	60	0
Omy_Ots249-227.bam	6628	6628	0	0	60	0
Omy_oxct-85.bam	1921	1921	0	0	60	0
Omy_p53-262.bam	1362	1362	0	0	60	0
Omy_pad-196.bam	4330	4330	0	0	60	0
Omy_ppie-232.bam	4277	4277	0	0	60	0
OmyR14589.bam	6358	6358	0	0	59.9629	4
OmyR19198.bam	3155	3155	0	0	60	0
OmyR24370.bam	13310	13310	0	0	60	0
OmyR33562.bam	2905	2905	0	0	60	0
OmyR40252.bam	1048	1048	0	0	60	0
OmyR40319.bam	131	131	0	0	60	0
Omy_RAD103359-45.bam	7207	7207	0	0	36.1345	228
Omy_RAD10733-10.bam	29475	29475	0	0	60	0
Omy_RAD10945-51.bam	9623	9623	0	0	39.6668	3659
Omy_RAD116-59.bam	30582	30582	0	0	59.5164	15
Omy_RAD1186-59.bam	3218	3218	0	0	59.9801	0
Omy_RAD12439-64.bam	8542	8542	0	0	60	0
Omy_RAD12566-14.bam	5495	5495	0	0	60	0
Omy_RAD13034-67.bam	31751	31751	0	0	28.2923	25211
Omy_RAD13073-16.bam	19218	19218	0	0	60	0
Omy_RAD13499-13.bam	7705	7705	0	0	59.9844	0
Omy_RAD14033-46.bam	7814	7814	0	0	60	0
Omy_RAD14269-30.bam	9591	9591	0	0	59.9552	3
Omy_RAD14541-72.bam	8707	8707	0	0	60	0
Omy_RAD15709-53.bam	16628	16628	0	0	60	0
Omy_RAD16104-20.bam	24	24	0	0	60	0
Omy_RAD1751-18.bam	12998	12998	0	0	0.0574704	12998
Omy_RAD17632-23.bam	3295	3295	0	0	60	0
Omy_RAD17849-16.bam	23308	23308	0	0	39.9265	390
Omy_RAD18903-48.bam	41385	41385	0	0	59.9964	0
Omy_RAD1919-22.bam	38703	38703	0	0	59.9857	2
Omy_RAD19340-24.bam	4493	4493	0	0	60	0
Omy_RAD19578-59.bam	2307	2307	0	0	22.2336	2307
Omy_RAD20917-11.bam	6261	6261	0	0	59.8716	14
Omy_RAD22123-69.bam	39815	39815	0	0	59.9999	0
Omy_RAD2277-7.bam	4034	4034	0	0	60	0
Omy_RAD23354-66.bam	60003	60003	0	1	59.7902	86
Omy_RAD23577-43.bam	20157	20157	0	0	60	0
Omy_RAD23894-58.bam	3463	3463	0	0	59.9965	0
Omy_RAD24287-74.bam	12718	12718	0	0	60	0
Omy_RAD24343-29.bam	2211	2211	0	0	52.4898	668
Omy_RAD25042-68.bam	9835	9835	0	0	59.6268	31
Omy_RAD25266-23.bam	13985	13985	0	0	59.9996	0
Omy_RAD2567-8.bam	31540	31540	0	0	60	0
Omy_RAD25907-57.bam	3805	3805	0	0	59.7372	2
Omy_RAD26080-69.bam	13546	13546	0	0	60	0
Omy_RAD26691-36.bam	8249	8249	0	1	59.9855	0
Omy_RAD27740-55.bam	2851	2851	0	0	59.9253	0
Omy_RAD28236-38.bam	17834	17834	0	0	58.6356	13
Omy_RAD29352-6.bam	24627	24627	0	0	59.8373	69
Omy_RAD29559-69.bam	10272	10272	0	0	60	0
Omy_RAD29700-18.bam	7754	7754	0	0	60	0
Omy_RAD2976-26.bam	4894	4894	0	0	60	0
Omy_RAD30230-25.bam	7170	7170	0	0	58.1757	80
Omy_RAD30243-74.bam	2972	2972	0	0	0	2972
Omy_RAD30392-17.bam	725	725	0	0	60	0
Omy_RAD30619-61.bam	10865	10865	0	0	59.9998	0
Omy_RAD31079-58.bam	5593	5593	0	0	53.5687	525
Omy_RAD31408-67.bam	4490	4490	0	0	59.6334	4
Omy_RAD3209-10.bam	22157	22157	0	0	60	0
Omy_RAD32139-58.bam	7803	7803	0	0	35.1178	6178
Omy_RAD33122-47.bam	10176	10176	0	0	52.3745	2145
Omy_RAD33798-24.bam	9805	9805	0	0	27.2244	2382
Omy_RAD35005-13.bam	17616	17616	0	0	59.197	98
Omy_RAD35149-9.bam	8868	8868	0	0	59.6074	20
Omy_RAD35417-9.bam	5833	5833	0	0	59.9894	0
Omy_RAD3651-48.bam	36737	36737	0	0	60	0
Omy_RAD366-7.bam	14435	14435	0	1	59.9624	3
Omy_RAD36848-7.bam	21436	21436	0	0	44.7001	13381
Omy_RAD36952-53.bam	10983	10983	0	0	59.9817	1
Omy_RAD37492-53.bam	19771	19771	0	1	59.9957	0
Omy_RAD37816-68.bam	5522	5522	0	0	60	0
Omy_RAD38269-10.bam	11142	11142	0	0	52.1479	334
Omy_RAD38406-19.bam	17991	17991	0	0	60	0
Omy_RAD39156-33.bam	14349	14349	0	0	0	14349
Omy_RAD3926-22.bam	6957	6957	0	0	60	0
Omy_RAD40132-55.bam	9540	9540	0	0	60	0
Omy_RAD40520-48.bam	3489	0	0	0	0	0
Omy_RAD40641-58.bam	7733	7732	0	0	59.9915	0
Omy_RAD41594-34.bam	2399	2399	0	0	59.9987	0
Omy_RAD42465-32.bam	11328	11325	0	12	59.9514	7
Omy_RAD42793-59.bam	5068	5068	0	0	59.365	0
Omy_RAD43117-55.bam	382	382	0	0	0	382
Omy_RAD43573-37.bam	9990	9990	0	0	60	0
Omy_RAD43612-42.bam	45204	45204	0	0	59.9984	0
Omy_RAD43694-41.bam	11449	11449	0	1	59.9997	0
Omy_RAD45104-18.bam	16456	16456	0	0	60	0
Omy_RAD45246-10.bam	45714	45714	0	2	52.6435	1478
Omy_RAD46314-35.bam	18736	18736	0	0	53.6932	23
Omy_RAD46452-51.bam	6525	6525	0	0	59.9784	1
Omy_RAD46672-27.bam	881	881	0	0	59.849	1
Omy_RAD47080-54.bam	7016	7016	0	0	60	0
Omy_RAD47444-53.bam	6882	6882	0	0	60	0
Omy_RAD47955-51.bam	6700	6700	0	0	60	0
Omy_RAD4848-14.bam	6683	6683	0	0	59.9586	0
Omy_RAD48799-69.bam	20687	20687	0	0	60	0
Omy_RAD49111-35.bam	7677	7677	0	0	60	0
Omy_RAD49637-74.bam	5977	5977	0	0	60	0
Omy_RAD49827-67.bam	13261	13261	0	0	60	0
Omy_RAD50632-21.bam	4418	4418	0	0	60	0
Omy_RAD52458-17.bam	19805	19805	0	0	60	0
Omy_RAD52812-28.bam	2614	2614	0	0	59.9813	0
Omy_RAD5374-56.bam	59627	59627	0	1	59.9976	0
Omy_RAD54441-29.bam	25496	25496	0	0	59.9993	0
Omy_RAD55404-54.bam	19039	19039	0	0	60	0
Omy_RAD55997-10.bam	14373	14373	0	6	33.8869	10823
Omy_RAD57916-29.bam	5748	5748	0	0	59.969	0
Omy_RAD58213-70.bam	883	883	0	0	60	0
Omy_RAD58835-15.bam	24325	24325	0	0	60	0
Omy_RAD59758-41.bam	9096	9096	0	0	54.976	0
Omy_RAD59950-44.bam	40561	40561	0	0	44.0212	27
Omy_RAD60135-12.bam	16292	16292	0	0	59.9462	2
Omy_RAD619-59.bam	53861	499	0	0	0	486
Omy_RAD62596-38.bam	2772	2772	0	0	60	0
Omy_RAD65808-68.bam	26522	26516	0	0	59.9611	3
Omy_RAD65959-69.bam	6517	6517	0	0	59.9986	0
Omy_RAD66218-58.bam	20800	20800	0	0	60	0
Omy_RAD66402-36.bam	8765	8765	0	0	33.5662	4932
Omy_RAD66834-17.bam	9386	9386	0	0	53.3215	67
Omy_RAD68634-40.bam	5893	5893	0	0	60	0
Omy_RAD69583-33.bam	2187	2187	0	0	60	0
Omy_RAD7016-31.bam	25004	25004	0	0	59.9995	0
Omy_RAD7210-8.bam	5678	5678	0	7	57.0453	127
Omy_RAD72528-44.bam	12306	12306	0	0	60	0
Omy_RAD73204-63.bam	49983	49983	0	0	52.1266	16079
Omy_RAD7384-50.bam	26519	26519	0	0	59.9827	5
Omy_RAD739-59.bam	3251	3251	0	0	60	0
Omy_RAD73963-73.bam	8515	8515	0	0	60	0
Omy_RAD74691-49.bam	68444	68444	0	20	43.7976	15037
Omy_RAD76060-20.bam	3974	3974	0	0	60	0
Omy_RAD76570-62.bam	10986	10986	0	0	59.9995	0
Omy_RAD76882-63.bam	8594	8594	0	0	0	0
Omy_RAD77789-54.bam	4727	4727	0	0	59.9829	0
Omy_RAD78147-27.bam	32796	32796	0	0	0.334279	32772
Omy_RAD78502-57.bam	7972	7972	0	0	60	0
Omy_RAD78776-10.bam	0	0	0	0		0
Omy_RAD79314-58.bam	40078	40078	0	0	60	0
Omy_RAD85131-35.bam	4493	4493	0	0	60	0
Omy_RAD86706-72.bam	88028	88028	0	4	40.832	86223
Omy_RAD88028-7.bam	21745	21745	0	0	59.9812	0
Omy_RAD88122-32.bam	5387	5387	0	0	60	0
Omy_RAD9004-13.bam	36110	36110	0	0	59.9987	0
Omy_RAD92485-64.bam	12961	12961	0	0	60	0
Omy_RAD93580-37.bam	2919	2919	0	0	60	0
Omy_RAD9408-71.bam	14076	14076	0	0	59.9983	0
Omy_RAD98715-53.bam	34825	34825	0	0	59.5739	55
Omy_rapd-167.bam	2818	2818	0	0	60	0
Omy_rbm4b-203.bam	10034	10034	0	0	60	0
Omy_redd1-410.bam	3719	3719	0	0	60	0
Omy_sast-264.bam	2663	2663	0	0	60	0
Omy_SECC22b-88.bam	1205	1205	0	0	60	0
Omy_srp09-37.bam	1382	1382	0	0	60	0
Omy_sSOD-1.bam	15397	15397	0	1	56.9647	14
Omy_star-206.bam	9619	9619	0	0	59.9999	0
Omy_stat3-273.bam	34851	34851	0	0	0	34851
Omy_sys1-188.bam	8632	8632	0	0	60	0
Omy_tlr3-377.bam	7616	7616	0	0	60	0
Omy_tlr5-205.bam	2627	2627	0	0	60	0
Omy_txnip-343.bam	6992	6992	0	0	60	0
Omy_u07-79-166.bam	5880	5880	0	0	60	0
Omy_u09-52.284.bam	3122	3122	0	0	59.9968	0
Omy_u09-53.469.bam	2667	2667	0	0	60	0
Omy_u09-54-311.bam	5227	5227	0	0	60	0
Omy_u09-56.119.bam	2700	2700	0	0	60	0
Omy_u09-61.043.bam	854	854	0	0	60	0
Omy_U11_2b-154.bam	2727	2727	0	0	60	0
Omy_UBA3b.bam	4341	4341	0	0	60	0
Omy_UT16_2-173.bam	3852	3852	0	0	59.993	0
Omy_vamp5-303.bam	1321	1321	0	0	60	0
Omy_vatf-406.bam	6926	6926	0	0	60	0
Omy_zg57-91.bam	0	0	0	0		0
